0.11
0.14
0.2
0.24
0.19
0.17
0.17
0.3
0.32
0.44
0.42
0.46
0.52
0.45
0.48
0.51
0.51
0.53
0.54
0.54
0.46
0.43
0.43
0.41
0.43
0.37
0.38
0.38
0.4
0.43
0.48
0.43
0.48
0.47
0.51
0.58
0.48
0.64
0.68
0.71
0.68
0.7
0.69
0.69
0.55
0.7
0.69
0.68
0.68
0.69
0.7
0.71
0.75
0.76
0.79
0.76
0.79
0.78
0.83
0.82
0.81
0.8
0.81
0.78
0.82
0.81
0.82
0.82
0.82
0.82
0.8
0.8
0.79
0.8
0.79
0.77
0.76
0.8
0.8
0.78
0.8
0.76
0.79
0.79
0.79
0.79
0.8
0.8
0.81
0.81
0.81
0.81
0.81
0.78
0.77
0.81
0.81
0.81
0.81
0.81
0.8
0.8
0.8
0.8
0.79
0.82
0.81
0.83
0.82
0.83
0.83
0.83
0.86
0.85
0.85
0.85
0.84
0.84
0.84
0.84
0.87
0.85
0.86
0.86
0.85
0.86
0.86
0.85
0.85
0.85
0.85
0.85
0.84
0.81
0.85
0.85
0.85
0.79
0.82
0.83
0.82
0.84
0.84
0.87
0.85
0.85
0.83
0.83
0.83
0.83
0.84
0.84
0.85
0.84
0.84
0.84
0.82
0.82
0.83
0.85
0.84
0.84
0.84
0.84
0.84
0.84
0.84
0.85
0.88
0.85
0.82
0.84
0.83
0.83
0.83
0.84
0.86
0.85
0.85
0.85
0.85
0.84
0.88
0.88
0.88
0.88
0.88
0.88
0.87
0.87
0.87
0.87
0.87
0.88
0.88
0.88
0.88
0.88
0.88
0.88
0.88
0.88
0.88
0.88
0.89
0.89
0.89
0.89
0.89
0.89
0.89
0.89
0.86
0.85
0.9
0.91
0.91
0.91
0.91
0.91
0.91
0.89
0.89
0.89
0.89
0.89
0.89
0.9
0.9
0.9
0.9
0.9
0.9
0.9
0.9
0.9
0.9
0.9
0.9
0.9
0.9
0.9
0.9
0.9
0.9
0.9
0.9
0.9
0.9
0.91
0.91
0.91
0.91
0.91
0.91
0.9
0.88
0.89
0.9
0.9
0.9
0.89
0.89
0.88
0.88
0.88
0.88
0.88
0.88
0.88
0.88
0.88
0.88
0.92
0.89
0.89
0.89
0.89
0.89
0.89
0.89
0.89
0.89
0.89
0.89
0.89
0.89
0.89
0.89
0.89
0.89
0.89
0.89
0.89
0.9
0.91
0.92
0.91
0.91
0.9
0.9
0.9
0.9
0.9
0.9
0.9
0.9
0.9
0.9
0.9
0.9
0.9
0.9
0.9
0.9
0.91
0.91
0.91
0.91
0.93
0.93
0.92
0.93
0.92
0.92
0.93
0.93
0.93
0.93
0.92
0.92
0.92
0.92
0.92
0.92
0.92
0.92
0.92
0.92
0.92
0.92
0.92
0.92
0.92
0.92
0.92
0.93
0.93
0.92
0.92
0.92
0.92
0.92
0.92
0.93
0.93
0.92
0.92
0.92
0.92
0.92
0.92
0.92
0.92
0.92
0.92
0.92
0.92
0.92
0.92
0.92
0.92
0.92
0.92
0.92
0.92
0.92
0.92
0.92
0.92
0.92
0.92
0.92
0.92
0.92
0.93
0.93
0.93
0.93
0.93
0.93
0.93
0.92
0.92
0.93
0.93
0.93
0.93
0.93
0.95
0.93
0.96
0.93
0.93
0.93
0.93
0.93
0.93
0.94
0.94
0.94
0.94
0.94
0.94
0.93
0.94
0.93
0.93
0.93
0.93
0.93
0.93
0.93
0.93
0.92
0.92
0.93
0.93
0.92
0.91
0.9
0.92
0.92
0.92
0.92
0.92
0.92
0.92
0.92
0.92
0.92
0.92
0.92
0.92
0.93
0.93
0.93
0.93
0.92
0.92
0.92
0.92
0.92
0.92
0.92
0.91
0.92
0.92
0.92
0.92
0.92
0.93
0.93
0.93
0.93
0.93
0.93
0.93
0.93
0.93
0.93
0.93
0.93
0.93
0.93
0.93
0.93
0.93
0.94
0.94
0.93
0.93
0.93
0.93
0.93
0.93
0.93
0.93
0.93
0.93
0.93
0.93
0.93
0.93
0.93
0.93
0.93
0.93
0.93
0.93
0.09
0.15
0.18
0.23
0.25
0.26
0.27
0.27
0.27
0.3
0.33
0.4
0.4
0.41
0.49
0.54
0.53
0.53
0.47
0.6
0.59
0.6
0.58
0.58
0.64
0.61
0.67
0.67
0.66
0.67
0.66
0.66
0.66
0.67
0.67
0.63
0.63
0.63
0.61
0.65
0.7
0.69
0.65
0.7
0.66
0.59
0.59
0.64
0.65
0.66
0.66
0.64
0.64
0.7
0.69
0.69
0.71
0.69
0.69
0.7
0.7
0.72
0.71
0.78
0.81
0.77
0.77
0.76
0.77
0.79
0.78
0.81
0.8
0.82
0.83
0.83
0.83
0.89
0.83
0.86
0.86
0.86
0.86
0.86
0.86
0.86
0.86
0.86
0.84
0.87
0.87
0.87
0.86
0.85
0.88
0.87
0.83
0.88
0.89
0.89
0.88
0.88
0.91
0.89
0.9
0.92
0.92
0.92
0.92
0.92
0.92
0.92
0.92
0.92
0.92
0.89
0.94
0.93
0.9
0.91
0.88
0.89
0.89
0.89
0.9
0.9
0.9
0.9
0.9
0.9
0.9
0.9
0.9
0.9
0.9
0.9
0.9
0.91
0.92
0.92
0.9
0.86
0.91
0.92
0.92
0.93
0.93
0.92
0.92
0.92
0.92
0.92
0.92
0.92
0.93
0.93
0.92
0.92
0.92
0.92
0.92
0.92
0.92
0.92
0.92
0.92
0.92
0.92
0.92
0.92
0.92
0.92
0.92
0.92
0.92
0.92
0.92
0.92
0.92
0.92
0.92
0.92
0.92
0.92
0.91
0.9
0.91
0.82
0.87
0.85
0.86
0.91
0.91
0.92
0.92
0.92
0.88
0.93
0.92
0.92
0.92
0.93
0.93
0.92
0.92
0.92
0.92
0.92
0.92
0.92
0.92
0.92
0.92
0.92
0.92
0.92
0.92
0.92
0.92
0.92
0.92
0.92
0.92
0.92
0.92
0.92
0.92
0.92
0.92
0.92
0.93
0.94
0.94
0.94
0.94
0.94
0.94
0.94
0.94
0.94
0.94
0.94
0.94
0.94
0.94
0.94
0.94
0.94
0.94
0.93
0.94
0.94
0.94
0.94
0.94
0.94
0.94
0.94
0.94
0.94
0.94
0.94
0.94
0.94
0.94
0.94
0.94
0.94
0.94
0.94
0.94
0.94
0.94
0.94
0.94
0.94
0.94
0.94
0.94
0.94
0.94
0.94
0.94
0.94
0.94
0.94
0.94
0.94
0.94
0.94
0.94
0.94
0.94
0.94
0.94
0.95
0.95
0.95
0.95
0.96
0.96
0.96
0.96
0.95
0.95
0.95
0.95
0.94
0.94
0.94
0.93
0.94
0.94
0.94
0.95
0.95
0.95
0.95
0.95
0.95
0.95
0.95
0.95
0.95
0.94
0.94
0.94
0.94
0.94
0.94
0.94
0.94
0.94
0.94
0.94
0.94
0.94
0.94
0.94
0.94
0.94
0.95
0.94
0.94
0.94
0.94
0.94
0.94
0.94
0.94
0.94
0.94
0.94
0.94
0.95
0.95
0.95
0.95
0.95
0.95
0.95
0.95
0.95
0.95
0.95
0.95
0.95
0.95
0.95
0.95
0.95
0.95
0.95
0.95
0.95
0.95
0.95
0.95
0.95
0.95
0.94
0.92
0.94
0.94
0.94
0.94
0.94
0.94
0.94
0.96
0.96
0.96
0.95
0.95
0.96
0.94
0.95
0.95
0.95
0.95
0.95
0.95
0.95
0.95
0.95
0.94
0.94
0.94
0.94
0.94
0.94
0.94
0.94
0.94
0.94
0.94
0.94
0.94
0.94
0.94
0.94
0.94
0.94
0.94
0.94
0.94
0.94
0.94
0.94
0.94
0.94
0.94
0.94
0.94
0.94
0.94
0.94
0.94
0.94
0.95
0.95
0.95
0.95
0.95
0.95
0.94
0.92
0.94
0.95
0.97
0.97
0.97
0.95
0.95
0.95
0.95
0.95
0.95
0.95
0.95
0.95
0.95
0.95
0.95
0.95
0.95
0.95
0.95
0.95
0.95
0.95
0.97
0.97
0.97
0.97
0.97
0.97
0.97
0.97
0.97
0.97
0.97
0.97
0.96
0.96
0.96
0.93
0.96
0.96
0.96
0.96
0.96
0.96
0.96
0.96
0.96
0.96
0.96
0.96
0.96
0.12
0.24
0.25
0.26
0.25
0.27
0.27
0.32
0.35
0.3
0.32
0.39
0.4
0.42
0.41
0.41
0.42
0.36
0.4
0.45
0.38
0.49
0.53
0.56
0.53
0.53
0.56
0.56
0.5
0.51
0.55
0.56
0.58
0.6
0.6
0.62
0.61
0.62
0.66
0.66
0.57
0.59
0.68
0.69
0.68
0.68
0.71
0.7
0.74
0.71
0.66
0.7
0.72
0.71
0.72
0.72
0.72
0.72
0.73
0.73
0.73
0.73
0.72
0.75
0.71
0.69
0.73
0.71
0.71
0.67
0.72
0.73
0.73
0.73
0.75
0.8
0.77
0.76
0.76
0.76
0.76
0.76
0.76
0.76
0.75
0.75
0.78
0.8
0.79
0.82
0.83
0.82
0.79
0.79
0.79
0.75
0.74
0.78
0.77
0.77
0.78
0.79
0.79
0.79
0.79
0.79
0.79
0.79
0.79
0.78
0.78
0.78
0.78
0.78
0.78
0.78
0.78
0.79
0.79
0.8
0.8
0.8
0.76
0.82
0.82
0.82
0.82
0.83
0.83
0.83
0.83
0.85
0.79
0.79
0.82
0.82
0.82
0.82
0.82
0.83
0.83
0.83
0.83
0.83
0.83
0.83
0.83
0.83
0.83
0.83
0.83
0.8
0.8
0.82
0.82
0.84
0.83
0.83
0.83
0.84
0.83
0.83
0.84
0.84
0.82
0.82
0.82
0.82
0.82
0.81
0.81
0.82
0.82
0.81
0.77
0.79
0.8
0.78
0.78
0.79
0.79
0.78
0.81
0.81
0.81
0.81
0.81
0.81
0.83
0.81
0.83
0.82
0.82
0.82
0.82
0.82
0.85
0.87
0.87
0.86
0.86
0.88
0.86
0.85
0.85
0.85
0.85
0.85
0.85
0.85
0.85
0.85
0.85
0.85
0.85
0.85
0.85
0.85
0.85
0.85
0.85
0.85
0.85
0.85
0.85
0.85
0.83
0.83
0.84
0.84
0.84
0.84
0.85
0.85
0.85
0.85
0.85
0.85
0.85
0.85
0.85
0.85
0.85
0.85
0.85
0.85
0.84
0.84
0.84
0.85
0.86
0.86
0.86
0.87
0.87
0.87
0.87
0.87
0.87
0.85
0.86
0.89
0.88
0.88
0.88
0.88
0.88
0.88
0.88
0.88
0.88
0.88
0.88
0.88
0.88
0.88
0.88
0.88
0.88
0.89
0.89
0.88
0.88
0.88
0.88
0.88
0.89
0.9
0.9
0.9
0.9
0.91
0.87
0.91
0.91
0.9
0.91
0.91
0.92
0.92
0.92
0.92
0.92
0.92
0.92
0.92
0.92
0.92
0.92
0.92
0.92
0.92
0.92
0.92
0.92
0.92
0.92
0.92
0.92
0.93
0.92
0.92
0.93
0.93
0.92
0.92
0.92
0.92
0.92
0.92
0.92
0.92
0.92
0.92
0.92
0.92
0.92
0.91
0.92
0.92
0.92
0.92
0.92
0.92
0.92
0.92
0.92
0.92
0.92
0.92
0.93
0.92
0.92
0.92
0.92
0.92
0.92
0.92
0.92
0.92
0.92
0.92
0.92
0.92
0.91
0.91
0.91
0.92
0.92
0.93
0.92
0.93
0.92
0.92
0.92
0.92
0.92
0.92
0.92
0.92
0.92
0.92
0.92
0.92
0.92
0.92
0.92
0.92
0.93
0.92
0.91
0.91
0.9
0.9
0.9
0.9
0.91
0.91
0.91
0.91
0.9
0.9
0.9
0.9
0.9
0.9
0.9
0.9
0.9
0.9
0.9
0.9
0.9
0.9
0.9
0.9
0.92
0.91
0.91
0.91
0.91
0.91
0.91
0.91
0.91
0.91
0.91
0.91
0.91
0.91
0.91
0.91
0.91
0.91
0.92
0.92
0.91
0.91
0.91
0.91
0.92
0.91
0.91
0.91
0.91
0.91
0.91
0.91
0.91
0.92
0.92
0.92
0.92
0.92
0.91
0.91
0.91
0.91
0.92
0.92
0.92
0.92
0.92
0.92
0.92
0.92
0.92
0.92
0.92
0.92
0.92
0.92
0.92
0.92
0.92
0.92
0.92
0.92
0.92
0.92
0.92
0.92
0.92
0.92
0.92
0.91
0.91
0.91
0.92
0.92
0.92
0.92
0.92
0.92
0.92
0.92
0.92
0.92
0.92
0.92
0.15
0.15
0.11
0.16
0.18
0.17
0.14
0.15
0.15
0.18
0.17
0.2
0.2
0.26
0.28
0.33
0.41
0.39
0.41
0.41
0.42
0.47
0.53
0.61
0.58
0.59
0.62
0.58
0.61
0.49
0.56
0.58
0.61
0.61
0.64
0.65
0.64
0.64
0.64
0.64
0.63
0.63
0.68
0.7
0.71
0.72
0.74
0.73
0.73
0.73
0.73
0.7
0.78
0.72
0.74
0.8
0.78
0.78
0.78
0.78
0.69
0.76
0.76
0.76
0.76
0.78
0.78
0.78
0.77
0.75
0.72
0.75
0.78
0.8
0.78
0.78
0.78
0.78
0.78
0.78
0.78
0.78
0.78
0.78
0.78
0.78
0.78
0.78
0.78
0.78
0.78
0.78
0.8
0.78
0.74
0.74
0.79
0.77
0.74
0.77
0.77
0.77
0.76
0.79
0.83
0.84
0.81
0.82
0.77
0.8
0.77
0.79
0.78
0.8
0.78
0.83
0.85
0.82
0.84
0.82
0.83
0.79
0.8
0.81
0.82
0.79
0.82
0.83
0.83
0.83
0.82
0.82
0.82
0.81
0.81
0.8
0.84
0.83
0.84
0.84
0.83
0.83
0.84
0.82
0.83
0.85
0.85
0.85
0.85
0.79
0.79
0.84
0.84
0.85
0.86
0.86
0.83
0.87
0.82
0.8
0.85
0.84
0.8
0.79
0.83
0.82
0.82
0.82
0.82
0.83
0.83
0.84
0.84
0.84
0.84
0.84
0.85
0.85
0.86
0.86
0.86
0.86
0.86
0.86
0.89
0.88
0.88
0.87
0.87
0.88
0.89
0.9
0.9
0.9
0.9
0.9
0.9
0.89
0.89
0.89
0.89
0.89
0.89
0.89
0.89
0.89
0.89
0.9
0.9
0.9
0.89
0.89
0.89
0.89
0.88
0.88
0.84
0.88
0.87
0.88
0.88
0.88
0.85
0.87
0.87
0.9
0.9
0.85
0.88
0.91
0.9
0.9
0.9
0.9
0.9
0.9
0.91
0.92
0.91
0.9
0.9
0.9
0.89
0.91
0.91
0.91
0.91
0.91
0.91
0.91
0.91
0.91
0.92
0.92
0.92
0.91
0.91
0.9
0.91
0.9
0.91
0.9
0.9
0.91
0.9
0.91
0.91
0.9
0.9
0.9
0.89
0.89
0.89
0.89
0.89
0.89
0.89
0.89
0.89
0.89
0.89
0.9
0.9
0.9
0.9
0.9
0.88
0.89
0.9
0.9
0.9
0.9
0.9
0.89
0.89
0.89
0.89
0.89
0.89
0.89
0.89
0.89
0.89
0.89
0.89
0.89
0.89
0.89
0.89
0.89
0.89
0.89
0.89
0.89
0.89
0.89
0.89
0.89
0.89
0.89
0.89
0.89
0.89
0.89
0.9
0.9
0.9
0.92
0.92
0.92
0.92
0.92
0.92
0.92
0.92
0.92
0.91
0.91
0.91
0.91
0.91
0.91
0.92
0.92
0.92
0.94
0.94
0.94
0.94
0.94
0.94
0.94
0.94
0.94
0.95
0.95
0.95
0.95
0.95
0.95
0.95
0.95
0.95
0.95
0.95
0.95
0.95
0.95
0.95
0.95
0.95
0.92
0.95
0.94
0.94
0.94
0.95
0.95
0.95
0.95
0.95
0.95
0.95
0.95
0.95
0.94
0.94
0.94
0.94
0.94
0.94
0.94
0.94
0.94
0.94
0.94
0.94
0.94
0.94
0.94
0.94
0.94
0.95
0.95
0.95
0.95
0.95
0.95
0.95
0.95
0.94
0.94
0.94
0.94
0.94
0.94
0.94
0.94
0.94
0.94
0.94
0.94
0.93
0.94
0.94
0.94
0.94
0.94
0.93
0.94
0.94
0.94
0.94
0.94
0.94
0.94
0.94
0.94
0.94
0.94
0.94
0.93
0.94
0.95
0.95
0.95
0.95
0.95
0.96
0.96
0.96
0.95
0.95
0.95
0.95
0.95
0.95
0.95
0.95
0.95
0.95
0.95
0.95
0.94
0.94
0.94
0.95
0.95
0.95
0.95
0.95
0.95
0.95
0.95
0.95
0.95
0.95
0.95
0.95
0.95
0.95
0.95
0.95
0.95
0.95
0.95
0.95
0.95
0.95
0.95
0.95
0.95
0.95
0.95
0.95
0.95
0.95
0.95
0.95
0.95
0.09
0.17
0.17
0.22
0.24
0.29
0.31
0.28
0.26
0.29
0.3
0.31
0.37
0.38
0.35
0.37
0.34
0.39
0.34
0.42
0.35
0.36
0.37
0.32
0.41
0.43
0.44
0.48
0.47
0.54
0.51
0.54
0.56
0.61
0.68
0.69
0.71
0.69
0.72
0.75
0.77
0.76
0.77
0.76
0.76
0.76
0.76
0.76
0.76
0.76
0.76
0.78
0.78
0.82
0.82
0.82
0.82
0.82
0.81
0.75
0.76
0.81
0.83
0.84
0.8
0.81
0.81
0.81
0.81
0.83
0.82
0.82
0.82
0.83
0.82
0.82
0.82
0.82
0.81
0.83
0.83
0.83
0.85
0.79
0.85
0.84
0.87
0.87
0.87
0.87
0.81
0.88
0.88
0.87
0.87
0.83
0.87
0.87
0.87
0.87
0.87
0.88
0.83
0.77
0.84
0.84
0.85
0.85
0.87
0.87
0.87
0.87
0.87
0.87
0.85
0.85
0.89
0.89
0.9
0.9
0.89
0.88
0.88
0.83
0.78
0.81
0.82
0.84
0.87
0.9
0.9
0.9
0.88
0.88
0.89
0.88
0.9
0.88
0.88
0.9
0.89
0.9
0.89
0.89
0.89
0.89
0.89
0.89
0.89
0.89
0.9
0.88
0.9
0.9
0.89
0.9
0.9
0.9
0.9
0.9
0.91
0.91
0.91
0.91
0.91
0.89
0.89
0.91
0.92
0.92
0.92
0.92
0.92
0.92
0.92
0.92
0.89
0.9
0.86
0.85
0.86
0.86
0.86
0.89
0.9
0.9
0.85
0.89
0.91
0.89
0.89
0.89
0.89
0.89
0.9
0.9
0.9
0.9
0.9
0.92
0.92
0.92
0.93
0.91
0.91
0.91
0.91
0.9
0.91
0.92
0.88
0.88
0.85
0.91
0.91
0.91
0.91
0.91
0.87
0.85
0.88
0.89
0.89
0.89
0.89
0.89
0.89
0.89
0.89
0.89
0.89
0.89
0.89
0.89
0.89
0.9
0.91
0.9
0.9
0.9
0.9
0.9
0.9
0.9
0.9
0.91
0.92
0.92
0.92
0.92
0.92
0.91
0.91
0.91
0.92
0.92
0.91
0.91
0.91
0.91
0.89
0.89
0.91
0.89
0.89
0.88
0.9
0.89
0.89
0.89
0.88
0.88
0.88
0.88
0.88
0.88
0.88
0.88
0.88
0.88
0.89
0.89
0.89
0.89
0.88
0.89
0.89
0.89
0.89
0.89
0.89
0.89
0.89
0.9
0.9
0.91
0.91
0.9
0.9
0.9
0.9
0.9
0.91
0.91
0.91
0.91
0.91
0.91
0.91
0.91
0.91
0.91
0.91
0.89
0.89
0.89
0.9
0.9
0.9
0.9
0.9
0.89
0.89
0.9
0.91
0.91
0.9
0.91
0.9
0.9
0.91
0.91
0.91
0.91
0.91
0.91
0.9
0.9
0.91
0.91
0.91
0.91
0.91
0.91
0.91
0.91
0.91
0.92
0.92
0.92
0.92
0.92
0.95
0.94
0.95
0.95
0.93
0.93
0.93
0.93
0.93
0.93
0.93
0.93
0.93
0.93
0.93
0.93
0.93
0.93
0.93
0.93
0.93
0.93
0.93
0.93
0.93
0.93
0.93
0.94
0.94
0.93
0.94
0.94
0.94
0.94
0.94
0.94
0.94
0.94
0.94
0.94
0.94
0.94
0.94
0.94
0.94
0.93
0.93
0.93
0.93
0.93
0.93
0.93
0.93
0.93
0.93
0.93
0.93
0.93
0.93
0.93
0.93
0.94
0.94
0.94
0.94
0.94
0.94
0.95
0.95
0.94
0.94
0.94
0.94
0.94
0.94
0.94
0.94
0.94
0.94
0.94
0.94
0.94
0.94
0.94
0.94
0.94
0.94
0.94
0.94
0.94
0.94
0.94
0.94
0.94
0.94
0.94
0.94
0.94
0.94
0.94
0.94
0.94
0.94
0.94
0.94
0.94
0.95
0.95
0.96
0.96
0.96
0.96
0.96
0.96
0.96
0.95
0.95
0.95
0.95
0.95
0.95
0.95
0.95
0.95
0.95
0.95
0.95
0.95
0.95
0.95
0.95
0.95
0.95
0.95
0.95
0.95
0.95
0.95
0.94
0.95
0.95
0.95
0.94
0.94
0.94
0.94
0.94
0.94
