0.20999999344348907
0.20000000298023224
0.20000000298023224
0.20000000298023224
0.2800000011920929
0.33000001311302185
0.3499999940395355
0.30000001192092896
0.30000001192092896
0.3100000023841858
0.3100000023841858
0.33000001311302185
0.38999998569488525
0.3700000047683716
0.4099999964237213
0.4099999964237213
0.4300000071525574
0.41999998688697815
0.4300000071525574
0.3799999952316284
0.4699999988079071
0.49000000953674316
0.5199999809265137
0.5099999904632568
0.5400000214576721
0.550000011920929
0.550000011920929
0.550000011920929
0.5799999833106995
0.5899999737739563
0.6000000238418579
0.5899999737739563
0.5899999737739563
0.6499999761581421
0.6600000262260437
0.6600000262260437
0.6600000262260437
0.6700000166893005
0.6600000262260437
0.6600000262260437
0.6499999761581421
0.5699999928474426
0.6700000166893005
0.6600000262260437
0.6899999976158142
0.6700000166893005
0.699999988079071
0.6899999976158142
0.6899999976158142
0.6899999976158142
0.75
0.7300000190734863
0.7400000095367432
0.7200000286102295
0.7400000095367432
0.7300000190734863
0.7300000190734863
0.7300000190734863
0.7200000286102295
0.7300000190734863
0.7400000095367432
0.7599999904632568
0.7699999809265137
0.7799999713897705
0.20999999344348907
0.7300000190734863
0.7900000214576721
0.7799999713897705
0.800000011920929
0.7900000214576721
0.8100000023841858
0.8199999928474426
0.8199999928474426
0.8299999833106995
0.8199999928474426
0.8199999928474426
0.8199999928474426
0.8199999928474426
0.8199999928474426
0.8199999928474426
0.8199999928474426
0.8299999833106995
0.8299999833106995
0.8600000143051147
0.8600000143051147
0.8399999737739563
0.8600000143051147
0.8600000143051147
0.8700000047683716
0.8799999952316284
0.8799999952316284
0.8899999856948853
0.8899999856948853
0.8799999952316284
0.8999999761581421
0.8999999761581421
0.8999999761581421
0.8799999952316284
0.8899999856948853
0.8600000143051147
0.8899999856948853
0.8899999856948853
0.9100000262260437
0.8999999761581421
0.8999999761581421
0.8899999856948853
0.9200000166893005
0.8799999952316284
0.9200000166893005
0.9100000262260437
0.9200000166893005
0.9300000071525574
0.9200000166893005
0.9300000071525574
0.9200000166893005
0.9200000166893005
0.9200000166893005
0.9300000071525574
0.9300000071525574
0.9300000071525574
0.9300000071525574
0.9200000166893005
0.9300000071525574
0.9300000071525574
0.9300000071525574
0.9399999976158142
0.9300000071525574
0.9200000166893005
0.9200000166893005
0.9300000071525574
0.9300000071525574
0.9300000071525574
0.9300000071525574
0.9300000071525574
0.9300000071525574
0.9300000071525574
0.9300000071525574
0.9399999976158142
0.9399999976158142
0.9399999976158142
0.9300000071525574
0.9399999976158142
0.9399999976158142
0.9300000071525574
0.9399999976158142
0.9399999976158142
0.9399999976158142
0.9399999976158142
0.949999988079071
0.949999988079071
0.949999988079071
0.949999988079071
0.949999988079071
0.9399999976158142
0.949999988079071
0.949999988079071
0.949999988079071
0.949999988079071
0.9599999785423279
0.9599999785423279
0.949999988079071
0.949999988079071
0.949999988079071
0.9599999785423279
0.9599999785423279
0.949999988079071
0.949999988079071
0.949999988079071
0.949999988079071
0.949999988079071
0.949999988079071
0.9599999785423279
0.9599999785423279
0.9700000286102295
0.9700000286102295
0.9700000286102295
0.9700000286102295
0.9700000286102295
0.9700000286102295
0.9700000286102295
0.9700000286102295
0.9700000286102295
0.9700000286102295
0.9700000286102295
0.9700000286102295
0.9700000286102295
0.9700000286102295
0.9700000286102295
0.9700000286102295
0.9700000286102295
0.9700000286102295
0.9599999785423279
0.9399999976158142
0.9599999785423279
0.9700000286102295
0.9700000286102295
0.949999988079071
0.949999988079071
0.9599999785423279
0.949999988079071
0.9399999976158142
0.949999988079071
0.949999988079071
0.949999988079071
0.949999988079071
0.949999988079071
0.949999988079071
0.949999988079071
0.949999988079071
0.949999988079071
0.949999988079071
0.949999988079071
0.949999988079071
0.949999988079071
0.949999988079071
0.949999988079071
0.949999988079071
0.949999988079071
0.949999988079071
0.949999988079071
0.949999988079071
0.949999988079071
0.949999988079071
0.949999988079071
0.949999988079071
0.949999988079071
0.949999988079071
0.949999988079071
0.949999988079071
0.949999988079071
0.949999988079071
0.949999988079071
0.949999988079071
0.949999988079071
0.949999988079071
0.949999988079071
0.949999988079071
0.949999988079071
0.949999988079071
0.949999988079071
0.949999988079071
0.949999988079071
0.949999988079071
0.949999988079071
0.949999988079071
0.949999988079071
0.949999988079071
0.949999988079071
0.949999988079071
0.949999988079071
0.949999988079071
0.949999988079071
0.949999988079071
0.949999988079071
0.949999988079071
0.949999988079071
0.949999988079071
0.949999988079071
0.949999988079071
0.949999988079071
0.949999988079071
0.949999988079071
0.949999988079071
0.949999988079071
0.949999988079071
0.949999988079071
0.949999988079071
0.949999988079071
0.949999988079071
0.949999988079071
0.949999988079071
0.949999988079071
0.949999988079071
0.949999988079071
0.949999988079071
0.949999988079071
0.949999988079071
0.949999988079071
0.949999988079071
0.949999988079071
0.949999988079071
0.949999988079071
0.949999988079071
0.949999988079071
0.949999988079071
0.949999988079071
0.949999988079071
0.949999988079071
0.949999988079071
0.9399999976158142
0.9399999976158142
0.949999988079071
0.949999988079071
0.949999988079071
0.949999988079071
0.949999988079071
0.949999988079071
0.949999988079071
0.949999988079071
0.949999988079071
0.949999988079071
0.949999988079071
0.949999988079071
0.949999988079071
0.949999988079071
0.949999988079071
0.949999988079071
0.949999988079071
0.949999988079071
0.949999988079071
0.949999988079071
0.949999988079071
0.949999988079071
0.949999988079071
0.949999988079071
0.949999988079071
0.949999988079071
0.9599999785423279
0.9599999785423279
0.9599999785423279
0.9599999785423279
0.9599999785423279
0.9599999785423279
0.9599999785423279
0.9599999785423279
0.9599999785423279
0.9599999785423279
0.9599999785423279
0.9599999785423279
0.9599999785423279
0.9599999785423279
0.9599999785423279
0.9599999785423279
0.9599999785423279
0.9599999785423279
0.9599999785423279
0.949999988079071
0.949999988079071
0.949999988079071
0.9599999785423279
0.9599999785423279
0.9599999785423279
0.9599999785423279
0.9599999785423279
0.9599999785423279
0.9599999785423279
0.9599999785423279
0.9700000286102295
0.9700000286102295
0.9599999785423279
0.9599999785423279
0.949999988079071
0.9599999785423279
0.9700000286102295
0.9599999785423279
0.949999988079071
0.949999988079071
0.949999988079071
0.949999988079071
0.949999988079071
0.949999988079071
0.949999988079071
0.949999988079071
0.949999988079071
0.949999988079071
0.949999988079071
0.949999988079071
0.949999988079071
0.949999988079071
0.9599999785423279
0.949999988079071
0.949999988079071
0.949999988079071
0.949999988079071
0.9599999785423279
0.9599999785423279
0.9599999785423279
0.9599999785423279
0.9599999785423279
0.9599999785423279
0.9599999785423279
0.9599999785423279
0.9599999785423279
0.9599999785423279
0.9599999785423279
0.9599999785423279
0.9599999785423279
0.9599999785423279
0.9599999785423279
0.9599999785423279
0.9599999785423279
0.9599999785423279
0.9599999785423279
0.9599999785423279
0.9599999785423279
0.9599999785423279
0.9599999785423279
0.9599999785423279
0.9599999785423279
0.9599999785423279
0.9599999785423279
0.9599999785423279
0.9599999785423279
0.9599999785423279
0.9599999785423279
0.9599999785423279
0.9599999785423279
0.9599999785423279
0.9599999785423279
0.9599999785423279
0.9599999785423279
0.9599999785423279
0.9599999785423279
0.9599999785423279
0.9599999785423279
0.9599999785423279
0.9599999785423279
0.9599999785423279
0.9599999785423279
0.9599999785423279
0.9599999785423279
0.9700000286102295
0.9599999785423279
0.9599999785423279
0.9700000286102295
0.9700000286102295
0.9700000286102295
0.9700000286102295
0.9700000286102295
0.9700000286102295
0.9700000286102295
0.9700000286102295
0.9599999785423279
0.9599999785423279
0.9700000286102295
0.9800000190734863
0.9700000286102295
0.9700000286102295
0.9599999785423279
0.9599999785423279
0.9599999785423279
0.9700000286102295
0.9599999785423279
0.9599999785423279
0.9599999785423279
0.9599999785423279
0.9100000262260437
0.949999988079071
0.9599999785423279
0.9599999785423279
0.9700000286102295
0.9700000286102295
0.9700000286102295
0.9700000286102295
0.9700000286102295
0.9599999785423279
0.9700000286102295
0.9700000286102295
0.9700000286102295
0.9700000286102295
0.9700000286102295
0.9700000286102295
0.9700000286102295
0.9700000286102295
0.9700000286102295
0.9700000286102295
0.9700000286102295
0.9700000286102295
0.9700000286102295
0.9700000286102295
0.9700000286102295
0.9700000286102295
0.9700000286102295
0.9700000286102295
0.9700000286102295
0.9700000286102295
0.9700000286102295
0.9700000286102295
0.9700000286102295
0.9700000286102295
0.9700000286102295
0.9700000286102295
0.9700000286102295
0.9700000286102295
0.9700000286102295
0.9700000286102295
0.9700000286102295
0.9700000286102295
0.9700000286102295
0.9700000286102295
0.9700000286102295
0.9700000286102295
0.9700000286102295
0.9700000286102295
0.9700000286102295
0.9700000286102295
0.9700000286102295
0.9700000286102295
0.9700000286102295
0.9700000286102295
0.4000000059604645
0.5799999833106995
0.7699999809265137
0.7300000190734863
0.7099999785423279
0.8600000143051147
0.8500000238418579
0.8999999761581421
0.9100000262260437
0.9100000262260437
0.8999999761581421
0.9100000262260437
0.9200000166893005
0.9100000262260437
0.9300000071525574
0.9200000166893005
0.9300000071525574
0.9200000166893005
0.9200000166893005
0.9300000071525574
0.9300000071525574
0.8999999761581421
0.9399999976158142
0.949999988079071
0.9399999976158142
0.949999988079071
0.9399999976158142
0.9399999976158142
0.9399999976158142
0.9399999976158142
0.949999988079071
0.949999988079071
0.9399999976158142
0.9399999976158142
0.9399999976158142
0.949999988079071
0.949999988079071
0.949999988079071
0.9399999976158142
0.949999988079071
0.949999988079071
0.949999988079071
0.949999988079071
0.949999988079071
0.949999988079071
0.9399999976158142
0.9399999976158142
0.9399999976158142
0.9399999976158142
0.949999988079071
0.949999988079071
0.949999988079071
0.9399999976158142
0.9399999976158142
0.9300000071525574
0.8399999737739563
0.9399999976158142
0.949999988079071
0.949999988079071
0.949999988079071
0.949999988079071
0.9399999976158142
0.949999988079071
0.949999988079071
0.949999988079071
0.9599999785423279
0.9599999785423279
0.9599999785423279
0.9599999785423279
0.9599999785423279
0.9599999785423279
0.9599999785423279
0.9599999785423279
0.9599999785423279
0.949999988079071
0.949999988079071
0.949999988079071
0.949999988079071
0.949999988079071
0.949999988079071
0.949999988079071
0.949999988079071
0.949999988079071
0.9100000262260437
0.9599999785423279
0.9599999785423279
0.9700000286102295
0.949999988079071
0.949999988079071
0.9599999785423279
0.9599999785423279
0.9599999785423279
0.9599999785423279
0.9599999785423279
0.9599999785423279
0.949999988079071
0.9599999785423279
0.9599999785423279
0.9599999785423279
0.9599999785423279
0.9599999785423279
0.9599999785423279
0.9599999785423279
0.9599999785423279
0.949999988079071
0.949999988079071
0.949999988079071
0.949999988079071
0.949999988079071
0.949999988079071
0.949999988079071
0.949999988079071
0.949999988079071
0.949999988079071
0.949999988079071
0.9399999976158142
0.9399999976158142
0.949999988079071
0.9399999976158142
0.9399999976158142
0.9399999976158142
0.9399999976158142
0.9399999976158142
0.9399999976158142
0.9100000262260437
0.9399999976158142
0.9399999976158142
0.9399999976158142
0.9399999976158142
0.9399999976158142
0.9399999976158142
0.9399999976158142
0.9399999976158142
0.9399999976158142
0.9399999976158142
0.9399999976158142
0.9399999976158142
0.9399999976158142
0.9399999976158142
0.9399999976158142
0.9399999976158142
0.9399999976158142
0.9399999976158142
0.949999988079071
0.9399999976158142
0.9399999976158142
0.9399999976158142
0.9399999976158142
0.9399999976158142
0.9399999976158142
0.9399999976158142
0.9399999976158142
0.9399999976158142
0.9399999976158142
0.9399999976158142
0.9399999976158142
0.9399999976158142
0.9399999976158142
0.9399999976158142
0.9399999976158142
0.9399999976158142
0.9399999976158142
0.9399999976158142
0.9399999976158142
0.9399999976158142
0.9399999976158142
0.949999988079071
0.949999988079071
0.949999988079071
0.949999988079071
0.9399999976158142
0.9399999976158142
0.9399999976158142
0.9399999976158142
0.9399999976158142
0.9399999976158142
0.9399999976158142
0.9399999976158142
0.9399999976158142
0.9399999976158142
0.9399999976158142
0.9399999976158142
0.9399999976158142
0.9399999976158142
0.9399999976158142
0.9399999976158142
0.9399999976158142
0.9399999976158142
0.9399999976158142
0.9399999976158142
0.9399999976158142
0.9399999976158142
0.9399999976158142
0.9399999976158142
0.9399999976158142
0.9399999976158142
0.9399999976158142
0.949999988079071
0.949999988079071
0.949999988079071
0.9599999785423279
0.949999988079071
0.949999988079071
0.949999988079071
0.949999988079071
0.949999988079071
0.949999988079071
0.949999988079071
0.949999988079071
0.949999988079071
0.949999988079071
0.949999988079071
0.949999988079071
0.949999988079071
0.949999988079071
0.949999988079071
0.949999988079071
0.949999988079071
0.949999988079071
0.949999988079071
0.9599999785423279
0.9599999785423279
0.949999988079071
0.9599999785423279
0.949999988079071
0.949999988079071
0.949999988079071
0.949999988079071
0.949999988079071
0.949999988079071
0.949999988079071
0.9599999785423279
0.9599999785423279
0.9599999785423279
0.9599999785423279
0.949999988079071
0.949999988079071
0.949999988079071
0.949999988079071
0.949999988079071
0.949999988079071
0.949999988079071
0.949999988079071
0.949999988079071
0.9599999785423279
0.9599999785423279
0.9599999785423279
0.9599999785423279
0.9599999785423279
0.9599999785423279
0.9599999785423279
0.9599999785423279
0.9599999785423279
0.9599999785423279
0.9599999785423279
0.9599999785423279
0.9599999785423279
0.9599999785423279
0.9599999785423279
0.949999988079071
0.949999988079071
0.949999988079071
0.9599999785423279
0.9599999785423279
0.9599999785423279
0.9599999785423279
0.9599999785423279
0.9599999785423279
0.9599999785423279
0.9599999785423279
0.9599999785423279
0.9599999785423279
0.9599999785423279
0.9599999785423279
0.9599999785423279
0.9399999976158142
0.9599999785423279
0.9599999785423279
0.949999988079071
0.9599999785423279
0.9599999785423279
0.9599999785423279
0.9599999785423279
0.9599999785423279
0.9599999785423279
0.9599999785423279
0.9599999785423279
0.9599999785423279
0.9599999785423279
0.9599999785423279
0.9599999785423279
0.9599999785423279
0.9599999785423279
0.9599999785423279
0.9599999785423279
0.9599999785423279
0.9599999785423279
0.9599999785423279
0.9599999785423279
0.949999988079071
0.949999988079071
0.949999988079071
0.949999988079071
0.949999988079071
0.949999988079071
0.9599999785423279
0.9599999785423279
0.9599999785423279
0.9599999785423279
0.9599999785423279
0.9599999785423279
0.9599999785423279
0.9599999785423279
0.9800000190734863
0.9800000190734863
0.9800000190734863
0.9800000190734863
0.9800000190734863
0.9800000190734863
0.9800000190734863
0.9800000190734863
0.9800000190734863
0.9800000190734863
0.9800000190734863
0.9800000190734863
0.9800000190734863
0.9800000190734863
0.9800000190734863
0.9800000190734863
0.9800000190734863
0.9800000190734863
0.9800000190734863
0.9800000190734863
0.9800000190734863
0.9800000190734863
0.9800000190734863
0.9800000190734863
0.9800000190734863
0.9800000190734863
0.9800000190734863
0.9800000190734863
0.9800000190734863
0.9800000190734863
0.9800000190734863
0.9800000190734863
0.9800000190734863
0.9800000190734863
0.9800000190734863
0.9800000190734863
0.9800000190734863
0.9800000190734863
0.9800000190734863
0.9800000190734863
0.9800000190734863
0.9800000190734863
0.9800000190734863
0.9800000190734863
0.9800000190734863
0.9800000190734863
0.9800000190734863
0.9800000190734863
0.9800000190734863
0.9800000190734863
0.9800000190734863
0.9800000190734863
0.9800000190734863
0.9900000095367432
0.9900000095367432
0.9900000095367432
0.9900000095367432
0.9800000190734863
0.9800000190734863
0.9800000190734863
0.9599999785423279
0.9800000190734863
0.9800000190734863
0.9300000071525574
0.949999988079071
0.9700000286102295
0.9700000286102295
0.949999988079071
0.949999988079071
0.9599999785423279
0.9700000286102295
0.9599999785423279
0.9399999976158142
0.9599999785423279
0.9599999785423279
0.9700000286102295
0.9599999785423279
0.9700000286102295
0.9599999785423279
0.9599999785423279
0.9599999785423279
0.9599999785423279
0.9599999785423279
0.9599999785423279
0.9599999785423279
0.9599999785423279
0.9599999785423279
0.9599999785423279
0.9599999785423279
0.9599999785423279
0.9599999785423279
0.9599999785423279
0.9599999785423279
0.9599999785423279
0.9599999785423279
0.9599999785423279
0.9599999785423279
0.9599999785423279
0.9599999785423279
0.9599999785423279
0.9599999785423279
0.9599999785423279
0.9599999785423279
0.9599999785423279
0.9599999785423279
0.9599999785423279
0.9599999785423279
0.9599999785423279
0.9599999785423279
0.9599999785423279
0.9599999785423279
0.9599999785423279
0.9599999785423279
0.9599999785423279
0.9599999785423279
0.9599999785423279
0.9599999785423279
0.949999988079071
0.949999988079071
0.949999988079071
0.949999988079071
0.949999988079071
0.9399999976158142
0.9399999976158142
0.9399999976158142
0.9399999976158142
0.9399999976158142
0.9399999976158142
0.9399999976158142
0.9399999976158142
0.9399999976158142
0.9399999976158142
0.9399999976158142
0.9399999976158142
0.949999988079071
0.949999988079071
0.949999988079071
0.949999988079071
0.949999988079071
0.9200000166893005
0.949999988079071
0.949999988079071
0.949999988079071
0.949999988079071
0.949999988079071
0.949999988079071
0.949999988079071
0.949999988079071
0.949999988079071
0.949999988079071
0.949999988079071
0.949999988079071
0.949999988079071
0.949999988079071
0.949999988079071
0.949999988079071
0.949999988079071
0.949999988079071
0.949999988079071
0.949999988079071
0.949999988079071
0.949999988079071
0.949999988079071
0.949999988079071
0.949999988079071
0.949999988079071
0.949999988079071
0.949999988079071
0.949999988079071
0.949999988079071
0.949999988079071
0.949999988079071
0.949999988079071
0.949999988079071
0.949999988079071
0.949999988079071
0.949999988079071
0.949999988079071
0.949999988079071
0.949999988079071
0.949999988079071
0.949999988079071
0.949999988079071
0.949999988079071
0.949999988079071
0.949999988079071
0.949999988079071
0.4699999988079071
0.7099999785423279
0.800000011920929
0.8399999737739563
0.8500000238418579
0.7900000214576721
0.8600000143051147
0.8799999952316284
0.8999999761581421
0.8899999856948853
0.8999999761581421
0.8700000047683716
0.8700000047683716
0.8600000143051147
0.8999999761581421
0.8999999761581421
0.8799999952316284
0.8199999928474426
0.8799999952316284
0.8799999952316284
0.8899999856948853
0.9200000166893005
0.8799999952316284
0.8700000047683716
0.8600000143051147
0.8700000047683716
0.8700000047683716
0.8799999952316284
0.9100000262260437
0.8799999952316284
0.8799999952316284
0.8899999856948853
0.8999999761581421
0.9100000262260437
0.8899999856948853
0.8799999952316284
0.9100000262260437
0.8899999856948853
0.8899999856948853
0.8999999761581421
0.8899999856948853
0.8799999952316284
0.8899999856948853
0.9100000262260437
0.8899999856948853
0.9100000262260437
0.8999999761581421
0.8999999761581421
0.9100000262260437
0.9100000262260437
0.8999999761581421
0.9200000166893005
0.9100000262260437
0.9100000262260437
0.9100000262260437
0.9100000262260437
0.9100000262260437
0.9100000262260437
0.9100000262260437
0.9100000262260437
0.9200000166893005
0.9100000262260437
0.9200000166893005
0.9100000262260437
0.9200000166893005
0.9100000262260437
0.9200000166893005
0.9200000166893005
0.9200000166893005
0.9200000166893005
0.9100000262260437
0.9300000071525574
0.9300000071525574
0.9300000071525574
0.9300000071525574
0.9300000071525574
0.9300000071525574
0.9300000071525574
0.9300000071525574
0.9399999976158142
0.9399999976158142
0.9399999976158142
0.9300000071525574
0.9300000071525574
0.9300000071525574
0.9300000071525574
0.949999988079071
0.9399999976158142
0.949999988079071
0.9300000071525574
0.9399999976158142
0.9399999976158142
0.9399999976158142
0.9300000071525574
0.9300000071525574
0.9300000071525574
0.949999988079071
0.9399999976158142
0.949999988079071
0.949999988079071
0.9599999785423279
0.949999988079071
0.9399999976158142
0.949999988079071
0.949999988079071
0.9399999976158142
0.949999988079071
0.949999988079071
0.949999988079071
0.9399999976158142
0.949999988079071
0.949999988079071
0.9399999976158142
0.9399999976158142
0.949999988079071
0.9399999976158142
0.9399999976158142
0.9399999976158142
0.9399999976158142
0.949999988079071
0.9399999976158142
0.949999988079071
0.949999988079071
0.949999988079071
0.949999988079071
0.949999988079071
0.949999988079071
0.949999988079071
0.949999988079071
0.949999988079071
0.9399999976158142
0.9399999976158142
0.9399999976158142
0.949999988079071
0.949999988079071
0.9300000071525574
0.9399999976158142
0.9399999976158142
0.9399999976158142
0.9399999976158142
0.949999988079071
0.9399999976158142
0.9399999976158142
0.9399999976158142
0.9399999976158142
0.9399999976158142
0.9399999976158142
0.9399999976158142
0.949999988079071
0.9399999976158142
0.949999988079071
0.9399999976158142
0.9399999976158142
0.9300000071525574
0.9300000071525574
0.9300000071525574
0.9300000071525574
0.9300000071525574
0.9200000166893005
0.9300000071525574
0.9300000071525574
0.9399999976158142
0.9300000071525574
0.9200000166893005
0.9399999976158142
0.949999988079071
0.949999988079071
0.949999988079071
0.949999988079071
0.949999988079071
0.949999988079071
0.949999988079071
0.949999988079071
0.949999988079071
0.949999988079071
0.9399999976158142
0.949999988079071
0.949999988079071
0.949999988079071
0.949999988079071
0.949999988079071
0.9399999976158142
0.9399999976158142
0.9399999976158142
0.949999988079071
0.9399999976158142
0.9399999976158142
0.9399999976158142
0.9399999976158142
0.9399999976158142
0.9399999976158142
0.9399999976158142
0.9399999976158142
0.9399999976158142
0.9399999976158142
0.9399999976158142
0.9399999976158142
0.9399999976158142
0.9399999976158142
0.9399999976158142
0.9399999976158142
0.9399999976158142
0.9399999976158142
0.9399999976158142
0.9399999976158142
0.9399999976158142
0.9399999976158142
0.9399999976158142
0.9399999976158142
0.9399999976158142
0.9399999976158142
0.9399999976158142
0.9399999976158142
0.9399999976158142
0.9399999976158142
0.9399999976158142
0.9399999976158142
0.9399999976158142
0.9399999976158142
0.9399999976158142
0.9399999976158142
0.9399999976158142
0.9399999976158142
0.9399999976158142
0.9399999976158142
0.9399999976158142
0.9399999976158142
0.9399999976158142
0.9399999976158142
0.9399999976158142
0.9399999976158142
0.9399999976158142
0.9399999976158142
0.9399999976158142
0.9399999976158142
0.9399999976158142
0.9399999976158142
0.9399999976158142
0.9399999976158142
0.9399999976158142
0.9399999976158142
0.9399999976158142
0.949999988079071
0.949999988079071
0.949999988079071
0.949999988079071
0.949999988079071
0.949999988079071
0.949999988079071
0.949999988079071
0.949999988079071
0.949999988079071
0.949999988079071
0.949999988079071
0.949999988079071
0.949999988079071
0.949999988079071
0.949999988079071
0.949999988079071
0.949999988079071
0.949999988079071
0.9399999976158142
0.949999988079071
0.9399999976158142
0.9399999976158142
0.949999988079071
0.949999988079071
0.949999988079071
0.949999988079071
0.949999988079071
0.949999988079071
0.949999988079071
0.949999988079071
0.949999988079071
0.949999988079071
0.949999988079071
0.949999988079071
0.949999988079071
0.9599999785423279
0.9599999785423279
0.9599999785423279
0.9599999785423279
0.9599999785423279
0.9599999785423279
0.9599999785423279
0.9599999785423279
0.9599999785423279
0.9599999785423279
0.9599999785423279
0.9599999785423279
0.9599999785423279
0.949999988079071
0.949999988079071
0.949999988079071
0.949999988079071
0.9399999976158142
0.949999988079071
0.949999988079071
0.949999988079071
0.949999988079071
0.9599999785423279
0.9599999785423279
0.9599999785423279
0.9700000286102295
0.9700000286102295
0.9700000286102295
0.9700000286102295
0.9700000286102295
0.9700000286102295
0.9700000286102295
0.9599999785423279
0.9599999785423279
0.9599999785423279
0.9599999785423279
0.9599999785423279
0.9599999785423279
0.9599999785423279
0.9599999785423279
0.9599999785423279
0.9599999785423279
0.9599999785423279
0.9599999785423279
0.9599999785423279
0.9599999785423279
0.9599999785423279
0.9599999785423279
0.9599999785423279
0.9599999785423279
0.9599999785423279
0.9599999785423279
0.9599999785423279
0.9599999785423279
0.9599999785423279
0.9599999785423279
0.9599999785423279
0.9599999785423279
0.9599999785423279
0.9599999785423279
0.9599999785423279
0.9599999785423279
0.9599999785423279
0.9599999785423279
0.9599999785423279
0.9599999785423279
0.9599999785423279
0.9599999785423279
0.9599999785423279
0.9700000286102295
0.9700000286102295
0.9700000286102295
0.9700000286102295
0.9700000286102295
0.9700000286102295
0.9700000286102295
0.9700000286102295
0.9700000286102295
0.9700000286102295
0.9700000286102295
0.9700000286102295
0.9700000286102295
0.9700000286102295
0.9700000286102295
0.9700000286102295
0.9700000286102295
0.9700000286102295
0.9700000286102295
0.9700000286102295
0.9700000286102295
0.9700000286102295
0.9700000286102295
0.9700000286102295
0.9700000286102295
0.9599999785423279
0.949999988079071
0.949999988079071
0.949999988079071
0.949999988079071
0.9599999785423279
0.9599999785423279
0.9599999785423279
0.949999988079071
0.949999988079071
0.949999988079071
0.949999988079071
0.949999988079071
0.949999988079071
0.949999988079071
0.949999988079071
0.9399999976158142
0.9399999976158142
0.9399999976158142
0.949999988079071
0.949999988079071
0.9399999976158142
0.9599999785423279
0.9599999785423279
0.949999988079071
0.9599999785423279
0.9599999785423279
0.949999988079071
0.9599999785423279
0.9599999785423279
0.9599999785423279
0.9599999785423279
0.9599999785423279
0.9599999785423279
0.9599999785423279
0.9599999785423279
0.9599999785423279
0.9599999785423279
0.9700000286102295
0.9599999785423279
0.9599999785423279
0.9599999785423279
0.9599999785423279
0.9599999785423279
0.9599999785423279
0.9599999785423279
0.9599999785423279
0.9599999785423279
0.9599999785423279
0.9599999785423279
0.9700000286102295
0.9599999785423279
0.9599999785423279
0.9599999785423279
0.9599999785423279
0.9599999785423279
0.9599999785423279
0.9599999785423279
0.9599999785423279
0.9599999785423279
0.9599999785423279
0.9599999785423279
0.9599999785423279
0.9599999785423279
0.9599999785423279
0.9599999785423279
0.9599999785423279
0.9599999785423279
0.9599999785423279
0.9599999785423279
0.9599999785423279
0.9599999785423279
0.9599999785423279
0.9599999785423279
0.9599999785423279
0.9599999785423279
0.9599999785423279
0.9599999785423279
0.9599999785423279
0.9599999785423279
0.9599999785423279
0.9599999785423279
0.9599999785423279
0.9599999785423279
0.9599999785423279
0.9599999785423279
0.9599999785423279
0.9599999785423279
0.9599999785423279
0.9599999785423279
0.9599999785423279
0.9599999785423279
0.9599999785423279
0.9599999785423279
0.9599999785423279
0.9599999785423279
0.9599999785423279
0.9599999785423279
0.9599999785423279
0.9700000286102295
0.9599999785423279
0.9599999785423279
0.9599999785423279
0.9599999785423279
0.9599999785423279
0.9599999785423279
0.9599999785423279
0.9599999785423279
0.9599999785423279
0.9599999785423279
0.9599999785423279
0.9599999785423279
0.9599999785423279
0.9599999785423279
0.9599999785423279
0.9599999785423279
0.9599999785423279
0.9599999785423279
0.949999988079071
0.9599999785423279
0.949999988079071
0.949999988079071
0.949999988079071
0.949999988079071
0.949999988079071
0.949999988079071
0.949999988079071
0.9599999785423279
0.41999998688697815
0.6899999976158142
0.7699999809265137
0.800000011920929
0.7400000095367432
0.8100000023841858
0.8199999928474426
0.7900000214576721
0.9100000262260437
0.8999999761581421
0.9100000262260437
0.9100000262260437
0.9100000262260437
0.9100000262260437
0.9300000071525574
0.9200000166893005
0.9300000071525574
0.9300000071525574
0.9300000071525574
0.9399999976158142
0.9300000071525574
0.9399999976158142
0.9300000071525574
0.9399999976158142
0.9399999976158142
0.9399999976158142
0.9300000071525574
0.9399999976158142
0.9300000071525574
0.9300000071525574
0.9399999976158142
0.949999988079071
0.949999988079071
0.949999988079071
0.949999988079071
0.9599999785423279
0.9599999785423279
0.9300000071525574
0.9300000071525574
0.9599999785423279
0.9599999785423279
0.9599999785423279
0.9599999785423279
0.9599999785423279
0.9599999785423279
0.9599999785423279
0.9599999785423279
0.9599999785423279
0.9599999785423279
0.9599999785423279
0.9599999785423279
0.9599999785423279
0.8899999856948853
0.9700000286102295
0.9599999785423279
0.9599999785423279
0.9599999785423279
0.9599999785423279
0.9700000286102295
0.9599999785423279
0.9700000286102295
0.9700000286102295
0.9700000286102295
0.9700000286102295
0.9700000286102295
0.9700000286102295
0.9700000286102295
0.9700000286102295
0.9599999785423279
0.949999988079071
0.949999988079071
0.949999988079071
0.949999988079071
0.9599999785423279
0.949999988079071
0.9399999976158142
0.949999988079071
0.949999988079071
0.9599999785423279
0.9700000286102295
0.949999988079071
0.9599999785423279
0.9599999785423279
0.949999988079071
0.9599999785423279
0.9599999785423279
0.9700000286102295
0.9700000286102295
0.9599999785423279
0.9700000286102295
0.9700000286102295
0.9599999785423279
0.9700000286102295
0.9700000286102295
0.9599999785423279
0.9599999785423279
0.949999988079071
0.9700000286102295
0.9700000286102295
0.9700000286102295
0.949999988079071
0.949999988079071
0.9599999785423279
0.9599999785423279
0.9599999785423279
0.8899999856948853
0.949999988079071
0.9399999976158142
0.9700000286102295
0.9700000286102295
0.9700000286102295
0.9700000286102295
0.9700000286102295
0.9700000286102295
0.9700000286102295
0.9700000286102295
0.9599999785423279
0.9599999785423279
0.9599999785423279
0.9599999785423279
0.9599999785423279
0.9700000286102295
0.9599999785423279
0.9599999785423279
0.9599999785423279
0.9599999785423279
0.9599999785423279
0.9599999785423279
0.9599999785423279
0.9700000286102295
0.9700000286102295
0.9599999785423279
0.9700000286102295
0.9700000286102295
0.9700000286102295
0.9700000286102295
0.9700000286102295
0.9599999785423279
0.9599999785423279
0.9599999785423279
0.9599999785423279
0.9599999785423279
0.9599999785423279
0.9599999785423279
0.9599999785423279
0.9599999785423279
0.9599999785423279
0.9599999785423279
0.9599999785423279
0.9599999785423279
0.9599999785423279
0.9599999785423279
0.9599999785423279
0.9599999785423279
0.9599999785423279
0.9599999785423279
0.9599999785423279
0.9599999785423279
0.9599999785423279
0.9599999785423279
0.9599999785423279
0.9599999785423279
0.9599999785423279
0.9599999785423279
0.9599999785423279
0.9599999785423279
0.9599999785423279
0.9599999785423279
0.9599999785423279
0.949999988079071
0.949999988079071
0.9399999976158142
0.9399999976158142
0.9399999976158142
0.949999988079071
0.949999988079071
0.949999988079071
0.949999988079071
0.949999988079071
0.949999988079071
0.949999988079071
0.949999988079071
0.949999988079071
0.949999988079071
0.949999988079071
0.949999988079071
0.949999988079071
0.949999988079071
0.9599999785423279
0.9700000286102295
0.9399999976158142
0.9399999976158142
0.9399999976158142
0.9399999976158142
0.9399999976158142
0.9399999976158142
0.9399999976158142
0.9399999976158142
0.9399999976158142
0.9399999976158142
0.9399999976158142
0.9399999976158142
0.9399999976158142
0.949999988079071
0.9399999976158142
0.9399999976158142
0.9399999976158142
0.949999988079071
0.949999988079071
0.9399999976158142
0.9399999976158142
0.9399999976158142
0.9399999976158142
0.9399999976158142
0.9399999976158142
0.9399999976158142
0.9399999976158142
0.9399999976158142
0.9399999976158142
0.9399999976158142
0.9399999976158142
0.949999988079071
0.949999988079071
0.949999988079071
0.949999988079071
0.949999988079071
0.949999988079071
0.949999988079071
0.949999988079071
0.949999988079071
0.949999988079071
0.949999988079071
0.949999988079071
0.949999988079071
0.949999988079071
0.949999988079071
0.949999988079071
0.949999988079071
0.9399999976158142
0.9399999976158142
0.949999988079071
0.949999988079071
0.949999988079071
0.949999988079071
0.949999988079071
0.9300000071525574
0.9300000071525574
0.9300000071525574
0.9200000166893005
0.9200000166893005
0.9300000071525574
0.9100000262260437
0.9300000071525574
0.9300000071525574
0.9200000166893005
0.9300000071525574
0.9200000166893005
0.9300000071525574
0.9300000071525574
0.9300000071525574
0.9300000071525574
0.949999988079071
0.9300000071525574
0.9300000071525574
0.9100000262260437
0.9399999976158142
0.9200000166893005
0.9399999976158142
0.949999988079071
0.949999988079071
0.949999988079071
0.949999988079071
0.949999988079071
0.9300000071525574
0.949999988079071
0.949999988079071
0.949999988079071
0.949999988079071
0.9399999976158142
0.9399999976158142
0.9399999976158142
0.949999988079071
0.9599999785423279
0.949999988079071
0.9599999785423279
0.949999988079071
0.8899999856948853
0.9300000071525574
0.9399999976158142
0.9300000071525574
0.9399999976158142
0.9399999976158142
0.9100000262260437
0.9300000071525574
0.9300000071525574
0.9399999976158142
0.9399999976158142
0.9300000071525574
0.9300000071525574
0.9300000071525574
0.9300000071525574
0.949999988079071
0.9399999976158142
0.9399999976158142
0.9399999976158142
0.9399999976158142
0.9200000166893005
0.9300000071525574
0.9399999976158142
0.9399999976158142
0.9399999976158142
0.949999988079071
0.9399999976158142
0.949999988079071
0.949999988079071
0.949999988079071
0.949999988079071
0.949999988079071
0.9599999785423279
0.949999988079071
0.9599999785423279
0.9599999785423279
0.9599999785423279
0.9599999785423279
0.9599999785423279
0.9599999785423279
0.9599999785423279
0.949999988079071
0.949999988079071
0.949999988079071
0.949999988079071
0.949999988079071
0.949999988079071
0.949999988079071
0.949999988079071
0.949999988079071
0.949999988079071
0.949999988079071
0.949999988079071
0.949999988079071
0.949999988079071
0.949999988079071
0.949999988079071
0.949999988079071
0.949999988079071
0.949999988079071
0.949999988079071
0.949999988079071
0.949999988079071
0.949999988079071
0.949999988079071
0.949999988079071
0.949999988079071
0.949999988079071
0.949999988079071
0.949999988079071
0.949999988079071
0.949999988079071
0.949999988079071
0.949999988079071
0.949999988079071
0.949999988079071
0.949999988079071
0.949999988079071
0.949999988079071
0.949999988079071
0.949999988079071
0.949999988079071
0.949999988079071
0.949999988079071
0.949999988079071
0.949999988079071
0.949999988079071
0.949999988079071
0.949999988079071
0.949999988079071
0.949999988079071
0.9399999976158142
0.949999988079071
0.949999988079071
0.9399999976158142
0.949999988079071
0.949999988079071
0.949999988079071
0.949999988079071
0.949999988079071
0.949999988079071
0.949999988079071
0.949999988079071
0.949999988079071
0.949999988079071
0.949999988079071
0.949999988079071
0.949999988079071
0.949999988079071
0.949999988079071
0.949999988079071
0.949999988079071
0.949999988079071
0.949999988079071
0.949999988079071
0.949999988079071
0.949999988079071
0.949999988079071
0.949999988079071
0.949999988079071
0.949999988079071
0.949999988079071
0.949999988079071
0.949999988079071
0.949999988079071
0.949999988079071
0.949999988079071
0.949999988079071
0.949999988079071
0.949999988079071
0.949999988079071
0.9399999976158142
0.949999988079071
0.949999988079071
0.949999988079071
0.9700000286102295
0.9599999785423279
0.9599999785423279
0.9599999785423279
0.9700000286102295
0.9700000286102295
0.9700000286102295
0.9700000286102295
0.9700000286102295
0.9700000286102295
0.9700000286102295
0.9700000286102295
0.9700000286102295
0.9700000286102295
0.9599999785423279
0.9599999785423279
0.9599999785423279
0.9599999785423279
0.9599999785423279
0.9599999785423279
0.9599999785423279
0.9599999785423279
0.9599999785423279
0.9599999785423279
0.9599999785423279
0.9599999785423279
0.9599999785423279
0.9599999785423279
0.9599999785423279
0.9599999785423279
0.9599999785423279
0.9599999785423279
0.9599999785423279
0.9599999785423279
0.9599999785423279
0.9599999785423279
0.9599999785423279
0.9700000286102295
0.9599999785423279
0.949999988079071
0.949999988079071
0.9599999785423279
0.9599999785423279
0.9599999785423279
0.9599999785423279
0.9599999785423279
0.9599999785423279
0.9599999785423279
0.9599999785423279
0.9599999785423279
0.9599999785423279
0.9599999785423279
0.9599999785423279
0.9599999785423279
0.9599999785423279
0.9599999785423279
0.9599999785423279
0.9700000286102295
0.9700000286102295
0.9700000286102295
0.9700000286102295
0.9700000286102295
0.9700000286102295
0.9700000286102295
0.9700000286102295
0.9700000286102295
0.9700000286102295
0.9700000286102295
0.9700000286102295
0.9700000286102295
0.9700000286102295
0.9700000286102295
0.9700000286102295
0.9700000286102295
0.9700000286102295
0.9700000286102295
0.9700000286102295
0.9700000286102295
0.9700000286102295
0.5
0.699999988079071
0.7900000214576721
0.7300000190734863
0.8399999737739563
0.8899999856948853
0.8100000023841858
0.8799999952316284
0.8999999761581421
0.9100000262260437
0.8600000143051147
0.949999988079071
0.9599999785423279
0.949999988079071
0.949999988079071
0.9700000286102295
0.9700000286102295
0.9599999785423279
0.9700000286102295
0.9700000286102295
0.9800000190734863
0.9599999785423279
0.9900000095367432
0.9700000286102295
0.9800000190734863
0.9800000190734863
0.9800000190734863
0.9800000190734863
0.9700000286102295
0.9700000286102295
0.9800000190734863
0.9700000286102295
0.9800000190734863
0.9800000190734863
0.9800000190734863
0.9800000190734863
0.9700000286102295
0.9800000190734863
0.9700000286102295
0.9700000286102295
0.9800000190734863
0.9800000190734863
0.9800000190734863
0.9900000095367432
0.9900000095367432
0.9900000095367432
0.9900000095367432
0.9900000095367432
0.9900000095367432
0.9900000095367432
0.9900000095367432
0.9900000095367432
0.9900000095367432
0.9900000095367432
0.9900000095367432
0.9900000095367432
0.9900000095367432
0.9900000095367432
0.9900000095367432
0.9900000095367432
0.9900000095367432
0.9900000095367432
0.9900000095367432
0.9200000166893005
0.9800000190734863
0.9900000095367432
0.9900000095367432
0.9900000095367432
0.9900000095367432
0.9900000095367432
0.9900000095367432
0.9800000190734863
0.9900000095367432
0.9900000095367432
0.9800000190734863
0.9800000190734863
0.9800000190734863
0.9800000190734863
0.9800000190734863
0.9800000190734863
0.9900000095367432
0.9900000095367432
0.9800000190734863
0.9900000095367432
0.9900000095367432
0.9900000095367432
0.9900000095367432
0.9900000095367432
0.9800000190734863
0.9900000095367432
0.9900000095367432
0.9800000190734863
0.9800000190734863
0.9800000190734863
0.9900000095367432
0.9900000095367432
0.9900000095367432
0.9900000095367432
0.9800000190734863
0.9900000095367432
0.9900000095367432
0.9800000190734863
0.9800000190734863
0.9900000095367432
0.9800000190734863
0.9900000095367432
0.9800000190734863
0.9900000095367432
0.9800000190734863
0.9800000190734863
0.9800000190734863
0.9800000190734863
0.9800000190734863
0.9800000190734863
0.9800000190734863
0.9800000190734863
0.9800000190734863
0.9800000190734863
0.9800000190734863
0.9800000190734863
0.9800000190734863
0.9800000190734863
0.9800000190734863
0.9800000190734863
0.9800000190734863
0.9800000190734863
0.9800000190734863
0.9800000190734863
0.9800000190734863
0.9800000190734863
0.9800000190734863
0.9800000190734863
0.9800000190734863
0.9800000190734863
0.9800000190734863
0.9800000190734863
0.9800000190734863
0.9800000190734863
0.9800000190734863
0.9800000190734863
0.9599999785423279
0.9800000190734863
0.9800000190734863
0.9800000190734863
0.9800000190734863
0.9800000190734863
0.9800000190734863
0.9800000190734863
0.9800000190734863
0.9800000190734863
0.9800000190734863
0.9800000190734863
0.9800000190734863
0.9800000190734863
0.9800000190734863
0.9800000190734863
0.9800000190734863
0.9800000190734863
0.9800000190734863
0.9800000190734863
0.9800000190734863
0.9800000190734863
0.9800000190734863
0.9800000190734863
0.9700000286102295
0.9700000286102295
0.9700000286102295
0.9700000286102295
0.9700000286102295
0.9700000286102295
0.9700000286102295
0.9700000286102295
0.9700000286102295
0.9700000286102295
0.9700000286102295
0.9700000286102295
0.9700000286102295
0.9700000286102295
0.9599999785423279
0.9700000286102295
0.9700000286102295
0.9700000286102295
0.9700000286102295
0.9700000286102295
0.9700000286102295
0.9700000286102295
0.9700000286102295
0.9700000286102295
0.9700000286102295
0.9700000286102295
0.9700000286102295
0.9599999785423279
0.9700000286102295
0.9700000286102295
0.9599999785423279
0.9700000286102295
0.9599999785423279
0.9700000286102295
0.9700000286102295
0.9599999785423279
0.9700000286102295
0.9700000286102295
0.9700000286102295
0.9599999785423279
0.9599999785423279
0.9700000286102295
0.9700000286102295
0.9599999785423279
0.9700000286102295
0.9700000286102295
0.9599999785423279
0.9700000286102295
0.9700000286102295
0.9599999785423279
0.9700000286102295
0.9700000286102295
0.9700000286102295
0.9599999785423279
0.9599999785423279
0.9599999785423279
0.9700000286102295
0.9700000286102295
0.9700000286102295
0.9700000286102295
0.9599999785423279
0.9399999976158142
0.949999988079071
0.9700000286102295
0.9599999785423279
0.9599999785423279
0.9599999785423279
0.9599999785423279
0.9599999785423279
0.9800000190734863
0.9700000286102295
0.9700000286102295
0.9700000286102295
0.9700000286102295
0.9700000286102295
0.9700000286102295
0.9599999785423279
0.9599999785423279
0.9700000286102295
0.9800000190734863
0.9700000286102295
0.9800000190734863
0.9800000190734863
0.9800000190734863
0.9800000190734863
0.9800000190734863
0.9700000286102295
0.9700000286102295
0.9700000286102295
0.9700000286102295
0.9700000286102295
0.9700000286102295
0.9700000286102295
0.9700000286102295
0.9700000286102295
0.9700000286102295
0.9700000286102295
0.9700000286102295
0.9599999785423279
0.9700000286102295
0.9599999785423279
0.9700000286102295
0.9700000286102295
0.9700000286102295
0.9700000286102295
0.9700000286102295
0.9700000286102295
0.9700000286102295
0.9700000286102295
0.9700000286102295
0.9700000286102295
0.9700000286102295
0.9700000286102295
0.9700000286102295
0.9700000286102295
0.9700000286102295
0.9700000286102295
0.9700000286102295
0.9700000286102295
0.9700000286102295
0.9700000286102295
0.9700000286102295
0.9700000286102295
0.9700000286102295
0.9700000286102295
0.9700000286102295
0.9700000286102295
0.9700000286102295
0.9700000286102295
0.9700000286102295
0.9700000286102295
0.9700000286102295
0.9700000286102295
0.9700000286102295
0.9700000286102295
0.9700000286102295
0.9700000286102295
0.9700000286102295
0.9700000286102295
0.9700000286102295
0.9700000286102295
0.9700000286102295
0.9700000286102295
0.9700000286102295
0.9700000286102295
0.9700000286102295
0.9700000286102295
0.9700000286102295
0.9700000286102295
0.9700000286102295
0.9399999976158142
0.9700000286102295
0.9700000286102295
0.9700000286102295
0.9700000286102295
0.9700000286102295
0.9700000286102295
0.9700000286102295
0.9599999785423279
0.9700000286102295
0.9700000286102295
0.9700000286102295
0.9800000190734863
0.9700000286102295
0.9700000286102295
0.9700000286102295
0.9700000286102295
0.9700000286102295
0.9700000286102295
0.9700000286102295
0.9700000286102295
0.9700000286102295
0.9700000286102295
0.9700000286102295
0.9700000286102295
0.9700000286102295
0.9700000286102295
0.9700000286102295
0.9800000190734863
0.9700000286102295
0.9700000286102295
0.9700000286102295
0.9700000286102295
0.9700000286102295
0.9700000286102295
0.9700000286102295
0.9800000190734863
0.9700000286102295
0.9800000190734863
0.9700000286102295
0.9700000286102295
0.9700000286102295
0.9700000286102295
0.9700000286102295
0.9700000286102295
0.949999988079071
0.9599999785423279
0.9700000286102295
0.9700000286102295
0.9700000286102295
0.9700000286102295
0.9700000286102295
0.9700000286102295
0.9599999785423279
0.9599999785423279
0.9599999785423279
0.9599999785423279
0.9599999785423279
0.9599999785423279
0.9599999785423279
0.9599999785423279
0.9599999785423279
0.9599999785423279
0.949999988079071
0.9599999785423279
0.9599999785423279
0.949999988079071
0.949999988079071
0.949999988079071
0.949999988079071
0.9599999785423279
0.949999988079071
0.949999988079071
0.949999988079071
0.949999988079071
0.949999988079071
0.9599999785423279
0.9599999785423279
0.9599999785423279
0.9599999785423279
0.9599999785423279
0.9599999785423279
0.9599999785423279
0.9599999785423279
0.9599999785423279
0.9599999785423279
0.9599999785423279
0.9599999785423279
0.9599999785423279
0.9599999785423279
0.9599999785423279
0.9599999785423279
0.9599999785423279
0.9599999785423279
0.9599999785423279
0.9599999785423279
0.9599999785423279
0.9599999785423279
0.9599999785423279
0.9599999785423279
0.9599999785423279
0.9599999785423279
0.9599999785423279
0.9599999785423279
0.9599999785423279
0.9599999785423279
0.9599999785423279
0.9599999785423279
0.9599999785423279
0.9599999785423279
0.9599999785423279
0.9599999785423279
0.9599999785423279
0.949999988079071
0.9599999785423279
0.9599999785423279
0.9599999785423279
0.9599999785423279
0.9599999785423279
0.9599999785423279
0.9599999785423279
0.9599999785423279
0.9599999785423279
0.9599999785423279
0.9599999785423279
0.9599999785423279
0.9599999785423279
0.9599999785423279
0.9599999785423279
0.9599999785423279
0.9599999785423279
0.9599999785423279
0.9599999785423279
0.9599999785423279
0.9599999785423279
0.9599999785423279
0.9599999785423279
0.9599999785423279
0.9599999785423279
0.9599999785423279
0.9599999785423279
0.9599999785423279
0.9599999785423279
0.9599999785423279
0.9599999785423279
0.9599999785423279
0.9599999785423279
0.9599999785423279
0.9599999785423279
0.9599999785423279
0.9599999785423279
0.9599999785423279
0.9599999785423279
0.9599999785423279
0.9599999785423279
0.9599999785423279
0.9599999785423279
0.9599999785423279
0.9599999785423279
0.9599999785423279
0.9599999785423279
0.9599999785423279
0.9599999785423279
0.9599999785423279
0.9599999785423279
0.9599999785423279
0.9599999785423279
0.9599999785423279
0.9599999785423279
0.9599999785423279
0.9599999785423279
0.9599999785423279
0.9599999785423279
0.9599999785423279
0.9599999785423279
0.9599999785423279
0.9599999785423279
0.9599999785423279
0.949999988079071
0.949999988079071
0.949999988079071
0.949999988079071
0.949999988079071
0.949999988079071
0.949999988079071
0.949999988079071
