0.11
0.11
0.09
0.07
0.11
0.15
0.14
0.13
0.17
0.14
0.15
0.13
0.18
0.16
0.18
0.23
0.29
0.3
0.24
0.32
0.28
0.32
0.34
0.34
0.36
0.36
0.35
0.35
0.44
0.49
0.5
0.5
0.46
0.5
0.51
0.54
0.56
0.59
0.6
0.6
0.6
0.64
0.64
0.66
0.67
0.66
0.71
0.73
0.79
0.79
0.78
0.8
0.82
0.82
0.82
0.82
0.82
0.82
0.83
0.83
0.83
0.84
0.84
0.84
0.83
0.82
0.83
0.82
0.81
0.82
0.82
0.82
0.82
0.82
0.82
0.82
0.82
0.82
0.85
0.82
0.81
0.82
0.83
0.76
0.81
0.83
0.86
0.81
0.81
0.83
0.84
0.85
0.85
0.85
0.85
0.84
0.86
0.86
0.86
0.86
0.86
0.86
0.86
0.86
0.86
0.86
0.86
0.86
0.86
0.86
0.86
0.87
0.85
0.87
0.87
0.87
0.87
0.87
0.87
0.86
0.86
0.86
0.87
0.87
0.87
0.86
0.87
0.88
0.88
0.86
0.87
0.87
0.85
0.87
0.87
0.87
0.87
0.88
0.88
0.88
0.88
0.88
0.88
0.84
0.82
0.86
0.87
0.87
0.87
0.79
0.87
0.88
0.88
0.88
0.88
0.89
0.86
0.83
0.84
0.84
0.84
0.85
0.85
0.85
0.85
0.86
0.86
0.93
0.92
0.86
0.86
0.9
0.91
0.92
0.92
0.92
0.92
0.92
0.91
0.91
0.91
0.92
0.92
0.9
0.91
0.91
0.91
0.91
0.91
0.9
0.9
0.9
0.9
0.9
0.9
0.9
0.9
0.9
0.9
0.9
0.91
0.91
0.91
0.91
0.91
0.91
0.91
0.91
0.91
0.91
0.91
0.92
0.91
0.91
0.91
0.91
0.92
0.95
0.91
0.93
0.92
0.92
0.92
0.92
0.92
0.92
0.89
0.89
0.89
0.89
0.89
0.9
0.88
0.92
0.92
0.92
0.92
0.92
0.92
0.93
0.93
0.93
0.92
0.92
0.92
0.92
0.92
0.92
0.92
0.92
0.91
0.93
0.93
0.93
0.93
0.93
0.94
0.94
0.94
0.94
0.94
0.94
0.94
0.94
0.94
0.94
0.94
0.94
0.94
0.94
0.94
0.94
0.94
0.94
0.94
0.96
0.96
0.96
0.96
0.96
0.96
0.96
0.96
0.95
0.95
0.95
0.96
0.96
0.96
0.96
0.96
0.96
0.96
0.96
0.96
0.96
0.95
0.95
0.95
0.95
0.96
0.96
0.96
0.95
0.96
0.96
0.96
0.95
0.95
0.96
0.96
0.95
0.95
0.95
0.96
0.96
0.95
0.96
0.96
0.97
0.98
0.98
0.98
0.98
0.98
0.98
0.98
0.98
0.98
0.98
0.98
0.98
0.98
0.98
0.98
0.98
0.98
0.98
0.98
0.98
0.98
0.97
0.98
0.97
0.98
0.97
0.97
0.97
0.98
0.97
0.97
0.97
0.97
0.97
0.97
0.97
0.97
0.97
0.97
0.97
0.97
0.97
0.97
0.97
0.97
0.97
0.97
0.97
0.97
0.97
0.97
0.97
0.97
0.97
0.97
0.97
0.97
0.97
0.97
0.97
0.97
0.97
0.97
0.97
0.97
0.97
0.97
0.97
0.97
0.97
0.97
0.96
0.96
0.96
0.96
0.96
0.96
0.96
0.95
0.95
0.92
0.94
0.93
0.96
0.95
0.95
0.94
0.94
0.94
0.95
0.95
0.96
0.95
0.95
0.95
0.95
0.97
0.97
0.96
0.96
0.97
0.98
0.98
0.98
0.98
0.98
0.98
0.98
0.98
0.98
0.98
0.98
0.97
0.97
0.97
0.97
0.97
0.98
0.98
0.97
0.97
0.97
0.97
0.97
0.97
0.97
0.96
0.97
0.97
0.97
0.97
0.97
0.97
0.97
0.97
0.97
0.97
0.96
0.96
0.97
0.97
0.97
0.97
0.97
0.97
0.97
0.97
0.97
0.97
0.97
0.97
0.97
0.97
0.97
0.97
0.98
0.98
0.98
0.98
0.98
0.98
0.98
0.98
0.98
0.98
0.98
0.98
0.97
0.97
0.97
0.97
0.97
0.97
0.97
0.97
0.97
0.97
0.98
0.97
0.98
0.54
0.89
0.9
0.9
0.91
0.91
0.92
0.88
0.92
0.94
0.93
0.9
0.95
0.94
0.95
0.94
0.95
0.95
0.94
0.94
0.94
0.95
0.95
0.95
0.94
0.94
0.93
0.93
0.93
0.93
0.93
0.94
0.93
0.93
0.93
0.93
0.92
0.94
0.93
0.93
0.94
0.94
0.92
0.92
0.92
0.92
0.92
0.92
0.92
0.91
0.92
0.93
0.93
0.93
0.93
0.93
0.93
0.93
0.93
0.96
0.93
0.93
0.93
0.93
0.93
0.93
0.93
0.93
0.93
0.92
0.92
0.92
0.92
0.92
0.92
0.92
0.93
0.92
0.92
0.92
0.92
0.92
0.92
0.92
0.95
0.93
0.93
0.93
0.93
0.95
0.94
0.94
0.94
0.94
0.94
0.94
0.95
0.95
0.95
0.95
0.95
0.95
0.95
0.96
0.96
0.96
0.96
0.96
0.96
0.96
0.96
0.96
0.95
0.96
0.95
0.95
0.95
0.95
0.95
0.95
0.95
0.95
0.95
0.95
0.95
0.95
0.95
0.95
0.95
0.95
0.95
0.95
0.95
0.95
0.95
0.95
0.95
0.95
0.95
0.95
0.95
0.95
0.95
0.95
0.95
0.95
0.95
0.95
0.95
0.95
0.95
0.95
0.95
0.95
0.95
0.95
0.95
0.95
0.96
0.96
0.95
0.95
0.95
0.95
0.95
0.95
0.96
0.96
0.96
0.96
0.96
0.96
0.96
0.95
0.95
0.95
0.96
0.96
0.95
0.96
0.96
0.96
0.96
0.96
0.96
0.96
0.96
0.96
0.96
0.96
0.96
0.96
0.96
0.96
0.96
0.96
0.96
0.96
0.96
0.96
0.96
0.96
0.96
0.96
0.96
0.96
0.96
0.96
0.96
0.96
0.96
0.96
0.96
0.96
0.96
0.96
0.96
0.96
0.96
0.96
0.96
0.96
0.96
0.96
0.96
0.96
0.96
0.96
0.96
0.96
0.96
0.96
0.96
0.96
0.96
0.96
0.96
0.96
0.96
0.96
0.96
0.96
0.95
0.96
0.96
0.96
0.96
0.96
0.96
0.96
0.96
0.96
0.96
0.96
0.96
0.96
0.96
0.96
0.96
0.96
0.96
0.96
0.96
0.96
0.96
0.96
0.96
0.96
0.96
0.96
0.96
0.96
0.95
0.96
0.96
0.96
0.96
0.96
0.96
0.96
0.96
0.96
0.96
0.96
0.96
0.96
0.96
0.96
0.96
0.96
0.96
0.95
0.95
0.95
0.95
0.94
0.95
0.95
0.95
0.95
0.95
0.95
0.95
0.95
0.95
0.95
0.95
0.95
0.95
0.95
0.95
0.95
0.95
0.95
0.95
0.95
0.95
0.95
0.95
0.95
0.95
0.95
0.95
0.95
0.95
0.95
0.95
0.95
0.95
0.95
0.95
0.95
0.95
0.95
0.95
0.95
0.95
0.95
0.95
0.95
0.95
0.95
0.95
0.95
0.95
0.95
0.95
0.95
0.95
0.95
0.95
0.95
0.95
0.95
0.95
0.95
0.95
0.95
0.95
0.95
0.95
0.95
0.95
0.95
0.95
0.95
0.95
0.95
0.95
0.95
0.95
0.95
0.95
0.95
0.95
0.95
0.95
0.95
0.95
0.95
0.95
0.96
0.95
0.96
0.96
0.96
0.95
0.95
0.95
0.95
0.94
0.94
0.94
0.94
0.94
0.94
0.94
0.96
0.95
0.95
0.95
0.94
0.95
0.95
0.95
0.95
0.95
0.95
0.97
0.95
0.95
0.95
0.95
0.95
0.95
0.95
0.95
0.95
0.95
0.95
0.95
0.95
0.95
0.95
0.95
0.95
0.95
0.95
0.95
0.95
0.95
0.95
0.95
0.96
0.96
0.96
0.96
0.96
0.96
0.96
0.96
0.96
0.96
0.96
0.96
0.96
0.96
0.96
0.96
0.96
0.96
0.96
0.96
0.96
0.96
0.96
0.96
0.96
0.96
0.96
0.96
0.96
0.96
0.96
0.96
0.96
0.96
0.96
0.96
0.96
0.96
0.96
0.96
0.96
0.96
0.96
0.96
0.96
0.96
0.96
0.96
0.97
0.97
0.97
0.97
0.97
0.97
0.97
0.97
0.97
0.97
0.97
0.97
0.97
0.97
0.97
0.97
0.97
0.97
0.97
0.44
0.7
0.82
0.91
0.91
0.91
0.93
0.94
0.93
0.93
0.92
0.92
0.91
0.94
0.95
0.94
0.96
0.95
0.94
0.95
0.95
0.96
0.96
0.96
0.96
0.97
0.96
0.94
0.95
0.96
0.96
0.96
0.96
0.96
0.96
0.94
0.95
0.95
0.95
0.95
0.95
0.96
0.96
0.96
0.96
0.96
0.96
0.96
0.96
0.96
0.96
0.96
0.96
0.96
0.96
0.96
0.95
0.95
0.95
0.96
0.95
0.95
0.95
0.96
0.96
0.96
0.96
0.96
0.96
0.96
0.96
0.96
0.96
0.96
0.96
0.96
0.96
0.96
0.96
0.96
0.96
0.96
0.96
0.96
0.96
0.96
0.96
0.96
0.96
0.96
0.96
0.96
0.96
0.96
0.96
0.96
0.96
0.96
0.96
0.96
0.96
0.96
0.96
0.96
0.96
0.97
0.97
0.97
0.97
0.97
0.97
0.97
0.96
0.96
0.96
0.96
0.96
0.96
0.96
0.96
0.95
0.96
0.96
0.96
0.96
0.96
0.96
0.96
0.96
0.95
0.95
0.95
0.97
0.97
0.97
0.97
0.97
0.97
0.97
0.97
0.97
0.97
0.97
0.96
0.96
0.96
0.96
0.96
0.94
0.96
0.96
0.96
0.96
0.96
0.96
0.96
0.96
0.96
0.96
0.96
0.96
0.96
0.96
0.96
0.96
0.96
0.96
0.96
0.96
0.96
0.96
0.96
0.96
0.96
0.96
0.96
0.96
0.96
0.96
0.96
0.96
0.96
0.96
0.96
0.96
0.96
0.96
0.96
0.96
0.96
0.96
0.96
0.96
0.96
0.96
0.96
0.96
0.96
0.96
0.96
0.96
0.96
0.96
0.96
0.96
0.96
0.96
0.96
0.96
0.96
0.96
0.96
0.96
0.96
0.96
0.96
0.96
0.96
0.96
0.96
0.96
0.96
0.96
0.96
0.96
0.96
0.96
0.96
0.96
0.96
0.96
0.96
0.96
0.96
0.96
0.96
0.97
0.97
0.97
0.97
0.97
0.97
0.97
0.97
0.97
0.97
0.97
0.95
0.95
0.95
0.95
0.95
0.95
0.95
0.95
0.95
0.95
0.95
0.95
0.95
0.95
0.95
0.95
0.95
0.95
0.95
0.95
0.95
0.95
0.95
0.95
0.95
0.95
0.95
0.95
0.96
0.95
0.95
0.95
0.94
0.94
0.95
0.95
0.95
0.95
0.95
0.95
0.95
0.95
0.95
0.95
0.95
0.95
0.97
0.97
0.95
0.95
0.95
0.95
0.95
0.95
0.95
0.95
0.95
0.95
0.95
0.95
0.95
0.95
0.95
0.95
0.95
0.95
0.95
0.95
0.95
0.95
0.95
0.95
0.95
0.95
0.95
0.95
0.95
0.95
0.95
0.95
0.95
0.95
0.95
0.95
0.95
0.95
0.95
0.95
0.95
0.95
0.95
0.95
0.95
0.95
0.95
0.95
0.95
0.95
0.95
0.95
0.95
0.95
0.95
0.95
0.95
0.95
0.95
0.95
0.95
0.96
0.95
0.95
0.95
0.95
0.95
0.95
0.95
0.95
0.95
0.95
0.95
0.95
0.95
0.95
0.95
0.95
0.95
0.95
0.96
0.95
0.96
0.96
0.97
0.97
0.96
0.95
0.91
0.93
0.96
0.96
0.96
0.96
0.96
0.96
0.96
0.96
0.96
0.96
0.96
0.96
0.96
0.96
0.96
0.96
0.96
0.96
0.96
0.94
0.9
0.92
0.92
0.92
0.92
0.92
0.92
0.92
0.92
0.91
0.89
0.89
0.89
0.89
0.89
0.89
0.89
0.89
0.89
0.89
0.89
0.89
0.89
0.89
0.89
0.89
0.89
0.9
0.9
0.9
0.9
0.9
0.9
0.9
0.9
0.9
0.9
0.9
0.9
0.9
0.9
0.89
0.89
0.9
0.9
0.9
0.9
0.9
0.9
0.9
0.9
0.9
0.9
0.9
0.94
0.94
0.93
0.94
0.91
0.94
0.93
0.93
0.93
0.93
0.93
0.93
0.91
0.89
0.89
0.89
0.88
0.88
0.89
0.89
0.89
0.89
0.89
0.89
0.89
0.89
0.89
0.89
0.89
0.89
0.89
0.89
0.89
0.89
0.89
0.89
0.89
0.89
0.89
0.89
0.89
0.5
0.67
0.71
0.84
0.87
0.83
0.89
0.89
0.9
0.9
0.9
0.88
0.88
0.89
0.9
0.9
0.9
0.9
0.9
0.89
0.89
0.89
0.9
0.9
0.9
0.9
0.9
0.9
0.9
0.9
0.9
0.9
0.9
0.9
0.9
0.9
0.9
0.9
0.9
0.9
0.9
0.9
0.9
0.9
0.9
0.9
0.9
0.9
0.9
0.9
0.9
0.9
0.9
0.9
0.9
0.9
0.9
0.9
0.9
0.9
0.91
0.91
0.91
0.91
0.93
0.94
0.94
0.93
0.93
0.94
0.94
0.94
0.88
0.93
0.91
0.94
0.94
0.94
0.94
0.94
0.94
0.94
0.95
0.94
0.94
0.94
0.94
0.94
0.94
0.94
0.89
0.94
0.94
0.9
0.95
0.94
0.94
0.94
0.94
0.91
0.94
0.95
0.95
0.96
0.96
0.96
0.9
0.97
0.97
0.96
0.96
0.96
0.95
0.95
0.95
0.95
0.95
0.96
0.96
0.96
0.96
0.96
0.96
0.96
0.96
0.96
0.95
0.95
0.95
0.95
0.97
0.96
0.96
0.96
0.96
0.96
0.96
0.96
0.96
0.95
0.95
0.95
0.95
0.95
0.95
0.95
0.95
0.95
0.95
0.96
0.97
0.96
0.98
0.98
0.97
0.97
0.96
0.96
0.96
0.96
0.96
0.96
0.96
0.97
0.97
0.97
0.97
0.97
0.97
0.97
0.97
0.97
0.97
0.97
0.97
0.99
0.97
0.97
0.98
0.98
0.98
0.98
0.98
0.98
0.98
0.98
0.97
0.96
0.96
0.96
0.97
0.96
0.96
0.96
0.96
0.96
0.96
0.96
0.96
0.96
0.96
0.96
0.96
0.96
0.96
0.96
0.96
0.96
0.96
0.96
0.96
0.97
0.97
0.97
0.97
0.97
0.97
0.97
0.97
0.97
0.97
0.97
0.97
0.97
0.97
0.97
0.97
0.97
0.97
0.97
0.97
0.97
0.97
0.97
0.97
0.97
0.97
0.97
0.97
0.97
0.97
0.97
0.97
0.97
0.97
0.97
0.96
0.98
0.97
0.97
0.97
0.97
0.97
0.97
0.97
0.97
0.97
0.97
0.97
0.97
0.97
0.97
0.97
0.97
0.97
0.97
0.97
0.97
0.97
0.97
0.97
0.97
0.97
0.97
0.97
0.96
0.97
0.96
0.97
0.97
0.97
0.97
0.97
0.97
0.96
0.95
0.97
0.96
0.97
0.97
0.97
0.97
0.97
0.97
0.97
0.97
0.97
0.97
0.97
0.97
0.97
0.97
0.97
0.97
0.98
0.98
0.98
0.98
0.98
0.98
0.98
0.98
0.98
0.98
0.98
0.97
0.97
0.98
0.98
0.98
0.98
0.98
0.98
0.98
0.98
0.98
0.98
0.98
0.98
0.98
0.98
0.98
0.97
0.97
0.97
0.97
0.97
0.97
0.97
0.97
0.97
0.97
0.97
0.97
0.97
0.97
0.97
0.97
0.97
0.97
0.97
0.97
0.97
0.97
0.97
0.97
0.97
0.97
0.96
0.96
0.97
0.97
0.97
0.97
0.97
0.97
0.97
0.97
0.97
0.97
0.97
0.97
0.97
0.97
0.97
0.97
0.97
0.97
0.97
0.97
0.98
0.98
0.98
0.98
0.98
0.98
0.98
0.98
0.98
0.97
0.97
0.97
0.98
0.98
0.98
0.98
0.97
0.95
0.97
0.98
0.98
0.98
0.98
0.98
0.98
0.98
0.98
0.98
0.98
0.98
0.98
0.98
0.98
0.98
0.98
0.98
0.98
0.98
0.98
0.98
0.98
0.98
0.98
0.98
0.98
0.98
0.98
0.98
0.98
0.98
0.98
0.98
0.98
0.98
0.98
0.98
0.98
0.98
0.98
0.98
0.98
0.98
0.98
0.98
0.97
0.97
0.97
0.97
0.97
0.97
0.98
0.98
0.98
0.98
0.98
0.98
0.98
0.98
0.98
0.98
0.98
0.98
0.98
0.98
0.98
0.98
0.98
0.98
0.98
0.98
0.98
0.98
0.98
0.98
0.98
0.98
0.98
0.98
0.98
0.98
0.98
0.97
0.97
0.97
0.98
0.98
0.98
0.98
0.98
0.98
0.98
0.98
0.98
0.98
0.98
0.98
0.98
0.97
0.97
0.96
0.58
0.73
0.75
0.86
0.86
0.87
0.91
0.9
0.91
0.89
0.9
0.89
0.9
0.9
0.91
0.92
0.92
0.92
0.91
0.91
0.91
0.91
0.91
0.91
0.92
0.92
0.92
0.91
0.92
0.92
0.94
0.94
0.94
0.94
0.94
0.94
0.94
0.94
0.94
0.94
0.94
0.94
0.94
0.94
0.94
0.94
0.94
0.94
0.94
0.94
0.94
0.94
0.94
0.94
0.94
0.94
0.94
0.94
0.94
0.94
0.94
0.94
0.94
0.94
0.94
0.94
0.93
0.93
0.94
0.94
0.94
0.94
0.94
0.94
0.94
0.94
0.94
0.94
0.94
0.94
0.94
0.94
0.94
0.94
0.94
0.94
0.94
0.95
0.95
0.95
0.95
0.95
0.95
0.95
0.95
0.95
0.95
0.95
0.95
0.95
0.95
0.95
0.95
0.95
0.95
0.95
0.95
0.95
0.95
0.95
0.95
0.95
0.95
0.95
0.95
0.95
0.95
0.95
0.95
0.95
0.95
0.95
0.95
0.95
0.95
0.95
0.95
0.95
0.95
0.95
0.95
0.95
0.95
0.95
0.95
0.95
0.95
0.95
0.95
0.95
0.95
0.95
0.95
0.95
0.95
0.95
0.95
0.95
0.95
0.95
0.95
0.95
0.95
0.95
0.95
0.95
0.95
0.95
0.95
0.95
0.95
0.95
0.95
0.95
0.95
0.95
0.95
0.95
0.95
0.95
0.95
0.95
0.95
0.95
0.95
0.95
0.95
0.95
0.95
0.95
0.95
0.95
0.95
0.95
0.95
0.95
0.95
0.95
0.95
0.95
0.95
0.95
0.95
0.95
0.95
0.95
0.95
0.95
0.95
0.95
0.95
0.95
0.95
0.95
0.95
0.95
0.95
0.95
0.95
0.95
0.95
0.95
0.95
0.95
0.95
0.95
0.95
0.95
0.95
0.94
0.95
0.95
0.94
0.94
0.94
0.95
0.95
0.95
0.95
0.95
0.95
0.95
0.95
0.95
0.95
0.95
0.95
0.95
0.95
0.95
0.95
0.95
0.95
0.95
0.95
0.95
0.95
0.95
0.94
0.94
0.94
0.94
0.95
0.95
0.95
0.95
0.95
0.95
0.95
0.95
0.95
0.95
0.95
0.95
0.95
0.95
0.95
0.95
0.95
0.95
0.95
0.95
0.95
0.95
0.95
0.94
0.94
0.94
0.94
0.94
0.94
0.94
0.94
0.94
0.94
0.94
0.94
0.94
0.94
0.94
0.94
0.94
0.94
0.94
0.94
0.94
0.94
0.94
0.94
0.94
0.94
0.94
0.94
0.94
0.94
0.94
0.94
0.94
0.94
0.94
0.94
0.94
0.94
0.94
0.94
0.94
0.94
0.94
0.94
0.94
0.94
0.94
0.94
0.96
0.96
0.95
0.95
0.96
0.96
0.97
0.96
0.96
0.96
0.96
0.96
0.96
0.96
0.96
0.96
0.96
0.96
0.96
0.96
0.96
0.96
0.96
0.96
0.96
0.96
0.96
0.96
0.96
0.96
0.96
0.96
0.96
0.96
0.96
0.96
0.96
0.96
0.96
0.96
0.96
0.96
0.96
0.96
0.96
0.96
0.96
0.96
0.96
0.95
0.95
0.95
0.95
0.95
0.95
0.95
0.95
0.95
0.95
0.95
0.95
0.95
0.95
0.95
0.95
0.95
0.95
0.95
0.95
0.95
0.95
0.95
0.96
0.96
0.96
0.96
0.96
0.96
0.96
0.96
0.96
0.96
0.96
0.96
0.96
0.96
0.96
0.96
0.96
0.96
0.96
0.96
0.96
0.96
0.96
0.96
0.96
0.96
0.96
0.96
0.96
0.96
0.96
0.96
0.96
0.96
0.96
0.96
0.96
0.96
0.96
0.96
0.96
0.96
0.96
0.96
0.96
0.96
0.96
0.96
0.96
0.96
0.96
0.96
0.96
0.96
0.97
0.96
0.96
0.97
0.96
0.96
0.96
0.96
0.96
0.96
0.96
0.96
0.96
0.96
0.96
0.96
0.96
0.96
0.96
0.96
0.96
0.96
0.96
0.96
0.96
0.96
0.96
0.95
0.95
0.95
0.95
0.95
0.95
0.95
0.95
0.95
0.95
0.94
0.94
0.94
0.93
0.92
0.92
0.95
0.95
0.95
0.95
0.94
0.95
0.95
0.95
